000000000000000000000000101000000000000000000000000
000000000000000000000001000100000000000000000000000
000000000000000000000010101010000000000000000000000
000000000000000000000100000001000000000000000000000
000000000000000000001010000010100000000000000000000
000000000000000000010001000100010000000000000000000
000000000000000000101010101010101000000000000000000
000000000000000001000000000000000100000000000000000
000000000000000010100000000000001010000000000000000
000000000000000100010000000000010001000000000000000
000000000000001010101000000000101010100000000000000
000000000000010000000100000001000000010000000000000
000000000000101000001010000010100000101000000000000
000000000001000100010001000100010001000100000000000
000000000010101010101010101010101010101010000000000
000000000100000000000000000000000000000001000000000
000000001010000000000000000000000000000010100000000
000000010001000000000000000000000000000100010000000
000000101010100000000000000000000000001010101000000
000001000000010000000000000000000000010000000100000
000010100000101000000000000000000000101000001010000
000100010001000100000000000000000001000100010001000
001010101010101010000000000000000010101010101010100
010000000000000001000000000000000100000000000000010
101000000000000010100000000000001010000000000000101
000100000000000100010000000000010001000000000001000
101010000000001010101000000000101010100000000010101
000001000000010000000100000001000000010000000100000
000010100000101000001010000010100000101000001010000
000100010001000100010001000100010001000100010001000
101010101010101010101010101010101010101010101010101
000000000000000000000000000000000000000000000000000
